66,52
66,51
66,50
66,49
66,48
66,47
66,46
66,45
66,44
66,43
66,42
66,41
66,40
66,39
66,38
66,37
66,36
66,35
0,273
0,270
3,1
3,3
10,209
10,256
10,158
10,220
10,245
10,284
10,84
10,172
10,2
10,3
11,26
11,20
11,22
9,5
9,7
9,2
9,3
8,16
8,12
8,6
8,9
8,11
8,14
60,5
60,4
60,3
60,2
60,1
49,4
49,3
49,2
49,1
49,0
47,3
47,2
47,1
47,0
46,3
46,2
46,1
46,0
41,4
41,3
41,2
41,1
41,0
36,3
36,2
36,1
36,0
32,3
32,1
27,3
27,1
20,3
20,2
20,1
19,2
12,3
19,1
12,2
19,3
12,1
11,30
11,29
11,28
11,27
11,25
11,24
11,23
11,19
11,17
11,16
11,15
11,14
11,13
11,12
11,11
11,10
11,9
11,8
11,7
11,6
11,5
11,4
11,3
11,2
11,1
10,307
10,302
10,298
10,295
10,285
10,278
10,275
10,273
10,272
10,267
