0,535
0,534
0,533
0,532
0,531
0,530
0,529
0,528
0,527
67,52
67,51
67,50
67,49
67,48
67,47
67,46
67,45
67,44
67,43
67,42
67,41
67,40
67,39
67,38
67,37
67,36
67,35
76,4
76,3
76,2
76,1
76,0
75,4
75,3
75,2
75,1
75,0
74,4
74,3
74,2
74,1
74,0
73,5
73,4
73,3
73,2
0,526
0,525
73,1
73,0
72,3
72,2
72,1
72,0
71,3
71,2
71,1
71,0
70,4
70,3
70,2
70,1
70,0
69,3
69,2
69,1
69,0
68,3
68,2
0,9
68,1
68,0
3,2
10,178
10,102
10,133
10,109
10,265
10,89
11,18
60,5
60,4
60,3
8,5
60,2
8,7
8,17
8,18
8,13
60,1
8,8
49,4
49,3
49,2
49,1
8,2
49,0
47,3
47,2
47,1
8,3
47,0
46,3
46,2
46,1
46,0
41,4
41,3
41,2
41,1
41,0
36,3
36,2
36,1
36,0
32,3
32,1
27,3
27,1
20,3
20,2
20,1
19,2
12,3
19,1
12,2
19,3
12,1
11,30
11,29
11,28
11,27
